<?xml version="1.0"?>
<opencv_storage>
<calibration_time>"Wed 11 Oct 2017 10:29:56 AM CST"</calibration_time>
<nr_of_frames>26</nr_of_frames>
<image_width>2592</image_width>
<image_height>1944</image_height>
<board_width>9</board_width>
<board_height>7</board_height>
<square_width>2.3420000076293945e+01</square_width>
<square_height>2.1899999618530273e+01</square_height>
<fix_aspect_ratio>1.</fix_aspect_ratio>
<!-- flags: +fix_aspectRatio +fix_principal_point +zero_tangent_dist +fix_k4 +fix_k5 -->
<flags>6158</flags>
<fisheye_model>0</fisheye_model>
<camera_matrix type_id="opencv-matrix">
  <rows>3</rows>
  <cols>3</cols>
  <dt>d</dt>
  <data>
    1.8610324683754113e+03 0. 1296. 0. 1.8610324683754113e+03 972. 0. 0.
    1.</data></camera_matrix>
<distortion_coefficients type_id="opencv-matrix">
  <rows>5</rows>
  <cols>1</cols>
  <dt>d</dt>
  <data>
    -2.5692506706838353e-01 1.9930071396195592e-01 0. 0.
    -1.6753709449639920e-01</data></distortion_coefficients>
<avg_reprojection_error>8.0523393470732663e-01</avg_reprojection_error>
<per_view_reprojection_errors type_id="opencv-matrix">
  <rows>26</rows>
  <cols>1</cols>
  <dt>f</dt>
  <data>
    9.34933186e-01 8.33042264e-01 6.14179134e-01 8.49002659e-01
    8.19847882e-01 7.11012304e-01 5.98741889e-01 6.20423436e-01
    7.71693587e-01 8.28462183e-01 7.83097029e-01 1.00662613e+00
    1.00416696e+00 8.19061935e-01 7.32217789e-01 6.02534354e-01
    7.74231195e-01 1.08927143e+00 6.37370110e-01 6.08224273e-01
    9.21192825e-01 5.13232887e-01 5.39493322e-01 1.01085949e+00
    1.13501191e+00 7.13571966e-01</data></per_view_reprojection_errors>
<!-- a set of 6-tuples (rotation vector + translation vector) for each view -->
<extrinsic_parameters type_id="opencv-matrix">
  <rows>26</rows>
  <cols>6</cols>
  <dt>d</dt>
  <data>
    3.2460477731878122e-02 -1.3181986805917056e-01
    -4.7317441389347362e-02 -8.4859015384505369e+01
    -7.4356411151146744e+01 2.9674121954913164e+02
    -1.6865715947853727e-01 -3.6402289535219529e-01
    3.0368552368685253e+00 1.0514420066976351e+02 3.4651204848047541e+01
    3.2496395852214260e+02 -1.2131347915757416e-01
    8.4433450484529618e-02 5.2291593183467801e-02
    -7.6530020375029750e+01 -9.2468848912385340e+01
    3.2567607989570740e+02 -3.3142892332513735e-01
    2.8822231467589005e-01 1.5508878514707272e-01
    -5.8884214993106056e+01 -8.4423067206816867e+01
    3.5264875399552983e+02 -7.2810328077060993e-01
    -5.0254769055648996e-01 -2.8544899310681005e+00
    7.2051547946435832e+01 4.8234226712674996e+01 2.4013729923210229e+02
    -3.7540181862217925e-01 2.4415095451280419e-01
    2.9232697653021583e-01 -4.5516161006815040e+01
    -9.1550749730151438e+01 3.5522112344183631e+02
    -1.3891969589007114e-01 1.2514050896382764e-02
    2.2861767177567885e-01 -6.2649318295561216e+01
    -1.0296472018894328e+02 3.1651978868152054e+02
    -3.0909097609381525e-01 1.1214076651022283e-01
    8.7900414199242349e-01 6.4467335322514527e+00
    -1.1935599525517301e+02 3.6489908203450034e+02
    -3.3670834561668372e-01 3.3818887186069035e-01
    3.5830132810845755e-01 -5.3090787181684561e+01
    -9.9973386690161178e+01 3.4707029395538234e+02
    -2.5886685429220785e-01 -3.8901697325332074e-01
    2.2083269690322824e-01 -6.2805964141405845e+01
    -9.7944146194467393e+01 3.5987354304534875e+02
    -3.2030959706282008e-01 -2.2269220687795438e-01
    2.9139791342224872e+00 6.9903345298700742e+01 1.1962203298522763e+01
    3.2451959047363999e+02 -1.0096125302778863e-01
    -3.5789023831264982e-01 1.5177501056269782e-01
    -8.9290885537195507e+01 -8.7689552822560643e+01
    2.6322601316192890e+02 1.8579591055132374e-02
    -4.3860680192506352e-01 1.7306270912595045e-01
    -8.6700086404277087e+01 -7.9026962384274313e+01
    2.1809373480036757e+02 -1.6603682670960029e-01
    -2.5953448072805263e-05 -3.1013624372894721e+00
    2.9837134435720721e+01 5.6477514413707546e+01 2.4173742072455627e+02
    6.4176901275969672e-02 -7.9660326204586976e-02
    -6.7230563084811224e-04 -9.9811271397969222e+01
    -8.8384273488325391e+01 2.9103172617612950e+02
    2.8735855988597594e-02 -1.5452207468569054e-01
    3.0590222464624679e+00 1.1155185897553466e+02 3.4027404698054617e+01
    2.9297575028295205e+02 -1.8295393002244842e-01
    2.3320572288112455e-02 1.4906333553868800e-01
    -1.0432064482862617e+02 -8.7715945586508269e+01
    2.9292516124568431e+02 2.1327591409911584e-01
    -4.7507700012814286e-01 9.5798900833717601e-02
    -1.0052321306059045e+02 -8.1293855814940528e+01
    2.7285952304622924e+02 6.0225291310446780e-02 1.5947214956468858e-01
    1.6909389928459509e-01 -1.2332698204175851e+02
    -1.0331410820137236e+02 3.2641755467302835e+02
    2.7984830046782528e-02 2.1788965427752602e-01 3.0650000754868594e+00
    1.9897933868797939e+01 3.0347254132359045e+00 3.1030400174745915e+02
    -2.8144889398721012e-01 3.3083656479040913e-01
    1.0358865233932595e+00 -5.5404967840386327e+01
    -1.1147258179983652e+02 3.8703014013377157e+02
    -2.4936241558660116e-01 -1.0515727587238627e-01
    1.2331082323879758e+00 -1.4823403048098873e+01
    -1.0889702910599203e+02 3.6183127420667171e+02
    -4.0151836566305771e-01 -4.6178146534237663e-01
    1.2400935907597408e+00 -1.6324417370443179e+01
    -1.2443091683315268e+02 3.9769736910854795e+02
    4.2992698022332118e-02 3.8409827483170494e-01 1.4270015203690152e+00
    3.3880089506196832e+01 -1.2599525116570132e+02
    3.4480049070399582e+02 1.9227697009482986e-01 6.3824124309934094e-01
    1.6216102121099123e+00 7.9673745985041563e+01
    -9.7263546422616699e+01 3.4211012219889199e+02
    -1.7096439204442285e-01 3.0992541802542356e-01
    1.9079232101133217e+00 7.2288392073056244e+01
    -8.8080963961220064e+01 4.1182608196668775e+02</data></extrinsic_parameters>
